00000000000100000000001010010011
00000000001000000000001100010011
00000000011000101000001110110011
01000000010100110000001100110011
00000000011000101111111000110011
00000000001011100001111000010011
00000000111100000000111010010011
00000000000111100000111000010011
00000001110111100100001010110011
00000001110000101111111010110011
00000000000100000000001010010011
00000000001000000000001100010011
00000000001100000000001110010011
00000000010000000000111000010011
00000000010100000000111010010011
00000000011000101000110001100011
00000000000100101000001010010011
00000000000100110000001100010011
00000000000100111000001110010011
00000000000111100000111000010011
00000000000111101000111010010011
00000000010100101000001010010011
00000000010000110000001100010011
00000000010100111000001110010011
00000000010111100000111000010011
00000000010111101000111010010011
00000000011000101000110001100011
00000000101000101000001010010011
00000000101000110000001100010011
00000000101000111000001110010011
00000000101011100000111000010011
00000000101011101000111010010011
00000000010100000000111100010011
01000001111000101000001010110011
01000001111000110000001100110011
01000001111000111000001110110011
01000001111011100000111000110011
01000001111011101000111010110011
00000000010100101001110001100011
00000000000100101000001010010011
00000000001000110000001100010011
00000000000100111000001110010011
00000000000111100000111000010011
00000000000111101000111010010011
00000000011000101001110001100011
00000001010000101000001010010011
00000001010000110000001100010011
00000001010000111000001110010011
00000001010011100000111000010011
00000001010011101000111010010011
00000000010100110100111001100011
00000000000100000000001010010011
00000000001000000000001100010011
00000000001100000000001110010011
00000000010000000000111000010011
00000000010100000000111010010011
00000000011000000000111100010011
00000000011000101100111001100011
00000000111100000000001010010011
00000000111100000000001100010011
00000000111100000000001110010011
00000000111100000000111000010011
00000000111100000000111010010011
00000000111100000000111100010011
00000000000100101000001010010011
11111110010111110101111011100011
